% This file was created by tikzplotlib v0.8.7.
\begin{tikzpicture}[trim axis left]

\begin{axis}[
legend cell align={left},
title={Historia treningu modelu},
width=5.5cm, height=5cm,
xlabel={Epoka},
xmin=-15, xmax=314,
ymin=-0.1, ymax=1.6,
]
\addplot[blue]
table {%
0 0
1 0.5
2 0.5
3 0.5
4 0.5
5 0.5
6 0.5
7 0.625
8 0.75
9 0.75
10 0.75
11 0.75
12 0.75
13 0.75
14 0.75
15 0.75
16 0.75
17 0.75
18 0.75
19 0.75
20 0.75
21 0.75
22 0.75
23 0.75
24 0.75
25 0.75
26 0.75
27 0.75
28 0.875
29 0.875
30 0.875
31 0.875
32 0.875
33 0.75
34 0.75
35 0.75
36 0.875
37 0.875
38 0.875
39 0.875
40 0.875
41 0.875
42 0.875
43 0.875
44 0.875
45 0.875
46 0.875
47 0.875
48 0.875
49 0.875
50 0.875
51 0.875
52 0.875
53 0.875
54 0.875
55 0.875
56 0.875
57 0.875
58 0.875
59 0.875
60 0.875
61 0.875
62 0.875
63 0.875
64 0.875
65 0.875
66 0.875
67 0.875
68 0.875
69 0.875
70 0.875
71 0.875
72 0.875
73 0.875
74 0.875
75 0.875
76 0.875
77 0.875
78 0.875
79 0.875
80 0.875
81 0.875
82 0.875
83 0.875
84 0.875
85 0.875
86 0.875
87 0.875
88 0.875
89 0.875
90 0.875
91 0.875
92 0.875
93 0.875
94 0.875
95 0.875
96 0.875
97 0.875
98 0.875
99 0.875
100 0.875
101 0.875
102 0.875
103 0.875
104 0.875
105 0.875
106 0.875
107 0.875
108 0.875
109 0.875
110 0.875
111 0.875
112 0.875
113 0.875
114 0.875
115 0.875
116 0.875
117 0.875
118 0.875
119 0.875
120 0.875
121 0.875
122 0.875
123 0.875
124 0.875
125 0.875
126 0.875
127 0.875
128 0.875
129 0.875
130 0.875
131 0.875
132 0.875
133 0.875
134 0.875
135 0.875
136 0.875
137 0.875
138 0.875
139 0.875
140 0.875
141 0.875
142 0.875
143 0.875
144 0.875
145 0.875
146 0.875
147 0.875
148 0.875
149 0.875
150 0.875
151 0.875
152 0.875
153 0.875
154 0.875
155 0.875
156 0.875
157 0.875
158 0.875
159 0.875
160 0.875
161 0.875
162 0.875
163 0.875
164 0.875
165 0.875
166 0.875
167 0.875
168 0.875
169 0.875
170 0.875
171 0.875
172 0.875
173 0.875
174 0.875
175 0.875
176 0.875
177 0.875
178 0.875
179 0.875
180 0.875
181 0.875
182 0.875
183 0.875
184 0.875
185 0.875
186 0.875
187 0.875
188 0.875
189 0.875
190 0.875
191 0.875
192 0.875
193 0.875
194 0.875
195 0.875
196 0.875
197 0.875
198 0.875
199 0.875
200 0.875
201 0.875
202 0.875
203 0.875
204 0.875
205 0.875
206 0.875
207 0.875
208 0.875
209 0.875
210 0.875
211 0.875
212 0.875
213 0.875
214 0.875
215 0.875
216 0.875
217 0.875
218 0.875
219 0.875
220 0.875
221 0.875
222 0.875
223 0.875
224 0.875
225 0.875
226 0.875
227 0.875
228 0.875
229 0.875
230 1
231 1
232 1
233 1
234 1
235 1
236 1
237 1
238 1
239 1
240 1
241 1
242 1
243 1
244 1
245 1
246 1
247 1
248 1
249 1
250 1
251 1
252 1
253 1
254 1
255 1
256 1
257 1
258 1
259 1
260 1
261 1
262 1
263 1
264 1
265 1
266 1
267 1
268 1
269 1
270 1
271 1
272 1
273 1
274 1
275 1
276 1
277 1
278 1
279 1
280 1
281 1
282 1
283 1
284 1
285 1
286 1
287 1
288 1
289 1
290 1
291 1
292 1
293 1
294 1
295 1
296 1
297 1
298 1
299 1
};
\addlegendentry{Dokładność}
\addplot[red]
table {%
0 1.39202137291431
1 1.34244883060455
2 1.2966198772192
3 1.25340042263269
4 1.21255757659674
5 1.17416911572218
6 1.13827412948012
7 1.10481319576502
8 1.07371208444238
9 1.04494808614254
10 1.01853056438267
11 0.994437035173178
12 0.972567479126155
13 0.952758484520018
14 0.934836218133569
15 0.918647998943925
16 0.904054679907858
17 0.890907087596133
18 0.879036315949634
19 0.868267467012629
20 0.858441395801492
21 0.849424861487933
22 0.841101942933165
23 0.833358353294898
24 0.826077097590314
25 0.819151381147094
26 0.812497549282853
27 0.806051362567814
28 0.79975357092917
29 0.793543697320274
30 0.787367881261162
31 0.781187169108307
32 0.774973175823106
33 0.768699290718359
34 0.762340562592726
35 0.75587808535056
36 0.749296582696843
37 0.742581493665057
38 0.735723734040221
39 0.728720283921575
40 0.721566738466208
41 0.714259420157759
42 0.706800395841128
43 0.699191006555338
44 0.691433181782486
45 0.683535484968161
46 0.675505073901149
47 0.667350894320407
48 0.659084399798303
49 0.650715694733663
50 0.642261865112232
51 0.633738139847992
52 0.625161551928613
53 0.616548053571023
54 0.607917256755172
55 0.59929001123237
56 0.590686198964249
57 0.582124383261544
58 0.573626089273603
59 0.565212131972658
60 0.556902780575911
61 0.548716006669565
62 0.540671521564946
63 0.532786673196824
64 0.525076914331294
65 0.517558107807417
66 0.510243358308799
67 0.503143758673104
68 0.496269759532879
69 0.489629288538708
70 0.483228078883258
71 0.477070615190314
72 0.471159041248029
73 0.465493534080451
74 0.460073004578589
75 0.454894725393387
76 0.44995448415284
77 0.445246810864774
78 0.440765268620453
79 0.436502726006438
80 0.432451307831798
81 0.428602610219968
82 0.424947925865126
83 0.421478445940011
84 0.418185369409912
85 0.415059921186185
86 0.412093393366376
87 0.409277259823284
88 0.406603366347554
89 0.404063763453451
90 0.401650832711312
91 0.399357297443203
92 0.397176190614118
93 0.395100962297875
94 0.393125355192751
95 0.391243499412667
96 0.389449799858994
97 0.387738990113576
98 0.386106083129562
99 0.384546400007821
100 0.383055539343331
101 0.381629384202824
102 0.380264006362268
103 0.378955757503718
104 0.377701189660002
105 0.376497060860856
106 0.37534033733391
107 0.374228137301543
108 0.373157779256871
109 0.372126730813761
110 0.371132635857066
111 0.370173254763358
112 0.369246498543362
113 0.368350396518508
114 0.367483093541523
115 0.366642861528817
116 0.365828066955146
117 0.365037177711201
118 0.36426875212419
119 0.363521430150286
120 0.362793949527259
121 0.362085094289796
122 0.361393731858698
123 0.360718793890555
124 0.360059265465679
125 0.359414215927245
126 0.358782711795357
127 0.358163916280319
128 0.357557022543915
129 0.356961230090747
130 0.356375834158825
131 0.355800113402438
132 0.355233407322885
133 0.354675086568022
134 0.354124525674706
135 0.353581146022407
136 0.353044376977778
137 0.352513695841481
138 0.351988562602855
139 0.351468474886133
140 0.350952967848571
141 0.350441569518807
142 0.349933801167936
143 0.349429251171387
144 0.348927483621083
145 0.348428076416894
146 0.347930656955214
147 0.34743477833581
148 0.346940104980604
149 0.34644624336579
150 0.345952817762736
151 0.345459474008749
152 0.344965835949552
153 0.344471565953427
154 0.343976334181207
155 0.343479759203547
156 0.342981511335893
157 0.342481255946041
158 0.341978646732969
159 0.341473357773793
160 0.340965049679653
161 0.34045336480267
162 0.339937998443929
163 0.339418598969132
164 0.338894812310173
165 0.338366321313515
166 0.3378327552673
167 0.33729379223405
168 0.336749063297248
169 0.336198212446106
170 0.335640893860727
171 0.335076730519177
172 0.334505353133864
173 0.333926405698548
174 0.333339450307903
175 0.332744150078724
176 0.332140092957161
177 0.331526852838579
178 0.330904016995191
179 0.330271172090761
180 0.329627847833763
181 0.328973633749229
182 0.3283080488618
183 0.327630626825339
184 0.326940875505898
185 0.326238314494731
186 0.325522425694544
187 0.324792677180994
188 0.324048538099305
189 0.323289462916364
190 0.322514895497079
191 0.321724213660673
192 0.32091684036368
193 0.320092170800308
194 0.319249552060683
195 0.318388346337088
196 0.317507870727241
197 0.316607438106985
198 0.315686335091414
199 0.31474383504974
200 0.313779170402086
201 0.312791568520879
202 0.311780242280292
203 0.310744347426407
204 0.309683049469641
205 0.308595477089511
206 0.307480712354845
207 0.306337848726798
208 0.305165939636936
209 0.303964018298757
210 0.302731082819264
211 0.301466089387759
212 0.300168027662949
213 0.298835804568625
214 0.297468336647398
215 0.296064498793385
216 0.294623178438997
217 0.293143180146217
218 0.291623360132689
219 0.290062486460556
220 0.288459348066681
221 0.28681272659378
222 0.28512134895027
223 0.283383961233994
224 0.281599275807821
225 0.279766016918984
226 0.27788286719624
227 0.275948525149943
228 0.273961710768162
229 0.271921088515228
230 0.269825397946988
231 0.267673326494332
232 0.265463640067537
233 0.263195079081015
234 0.260866433564843
235 0.258476552754473
236 0.256024283625266
237 0.253508586558382
238 0.250928448398554
239 0.248283246784922
240 0.245573595794667
241 0.242812180425972
242 0.240091275714803
243 0.23764424521687
244 0.234960863377637
245 0.231273805698947
246 0.22849885441974
247 0.225588500174126
248 0.2219940033483
249 0.219241857364977
250 0.215721084781762
251 0.212453307827673
252 0.209264238950709
253 0.205586629273967
254 0.20240919612479
255 0.198712286344744
256 0.195223736061962
257 0.191696946889351
258 0.187910429334806
259 0.184399319250588
260 0.180587705019207
261 0.176852613622032
262 0.173164032143177
263 0.169261843553613
264 0.165521292665289
265 0.161703169815155
266 0.157789654022054
267 0.154031744597887
268 0.150155726700177
269 0.146277607549564
270 0.142509548262751
271 0.138666100434421
272 0.134834331540333
273 0.131109961908805
274 0.127354594620556
275 0.123610570259189
276 0.119965394711471
277 0.116354606441746
278 0.112745651455043
279 0.109220489597647
280 0.105777069791657
281 0.102364252827101
282 0.0990020832941809
283 0.0957377452687069
284 0.0925484489089285
285 0.0894090709734883
286 0.0863449252283317
287 0.0833782940935635
288 0.0804900258444832
289 0.0776664040058677
290 0.0749282735559973
291 0.072284942434635
292 0.0697208112796943
293 0.0672300330224971
294 0.0648272189682757
295 0.0625138087561936
296 0.060275747498963
297 0.0581148435412615
298 0.0560396757682611
299 0.0540429400134599
};
\addlegendentry{Błąd}
\end{axis}

\end{tikzpicture}
