% This file was created by tikzplotlib v0.8.7.
\begin{tikzpicture}[trim axis left]

\begin{axis}[
legend cell align={left},
title={Historia treningu modelu},
width=5.5cm, height=5cm,
xlabel={Epoka},
xmin=-15, xmax=314,
ymin=-0.1, ymax=1.6,
]
\addplot[blue]
table {%
0 0.375
1 0.25
2 0.375
3 0.375
4 0.5
5 0.5
6 0.375
7 0.375
8 0.375
9 0.375
10 0.375
11 0.375
12 0.375
13 0.375
14 0.375
15 0.375
16 0.375
17 0.375
18 0.5
19 0.5
20 0.5
21 0.5
22 0.5
23 0.5
24 0.5
25 0.5
26 0.5
27 0.625
28 0.625
29 0.625
30 0.625
31 0.625
32 0.625
33 0.625
34 0.625
35 0.625
36 0.625
37 0.625
38 0.625
39 0.625
40 0.625
41 0.625
42 0.625
43 0.625
44 0.625
45 0.625
46 0.625
47 0.5
48 0.5
49 0.5
50 0.5
51 0.625
52 0.75
53 0.75
54 0.75
55 0.75
56 0.75
57 0.75
58 0.75
59 0.75
60 0.75
61 0.75
62 0.75
63 0.75
64 0.75
65 0.875
66 0.875
67 0.875
68 0.875
69 0.875
70 0.875
71 0.875
72 0.875
73 0.875
74 0.875
75 0.875
76 0.875
77 0.875
78 0.875
79 0.875
80 0.875
81 0.875
82 0.875
83 0.875
84 0.875
85 0.875
86 0.875
87 0.875
88 0.875
89 0.875
90 0.875
91 0.875
92 0.875
93 0.875
94 0.875
95 0.875
96 0.875
97 0.875
98 0.875
99 0.875
100 0.875
101 0.875
102 0.875
103 0.875
104 0.875
105 0.875
106 0.875
107 0.875
108 0.875
109 0.875
110 0.875
111 0.875
112 0.875
113 0.875
114 0.875
115 0.875
116 0.875
117 0.875
118 0.875
119 0.875
120 0.875
121 0.875
122 0.875
123 0.875
124 0.875
125 0.875
126 0.875
127 0.875
128 0.875
129 0.875
130 0.875
131 0.875
132 0.875
133 0.875
134 0.875
135 0.875
136 0.875
137 0.875
138 0.875
139 0.875
140 0.875
141 0.875
142 0.875
143 0.875
144 0.875
145 0.875
146 0.875
147 0.875
148 0.875
149 0.875
150 0.875
151 0.875
152 0.875
153 0.875
154 0.875
155 0.875
156 0.875
157 0.875
158 0.875
159 0.875
160 0.875
161 0.875
162 0.875
163 0.875
164 0.875
165 0.875
166 0.875
167 0.875
168 0.875
169 0.875
170 0.875
171 0.875
172 0.875
173 0.875
174 0.875
175 0.875
176 0.875
177 0.875
178 0.875
179 0.875
180 0.875
181 0.875
182 0.875
183 1
184 0.875
185 0.875
186 1
187 0.875
188 0.875
189 1
190 0.875
191 0.875
192 1
193 1
194 0.875
195 0.875
196 1
197 1
198 0.875
199 1
200 1
201 0.875
202 1
203 1
204 1
205 1
206 1
207 1
208 1
209 1
210 1
211 1
212 1
213 1
214 1
215 1
216 1
217 1
218 1
219 1
220 1
221 1
222 1
223 1
224 1
225 1
226 1
227 1
228 1
229 1
230 1
231 1
232 1
233 1
234 1
235 1
236 1
237 1
238 1
239 1
240 1
241 1
242 1
243 1
244 1
245 1
246 1
247 1
248 1
249 1
250 1
251 1
252 1
253 1
254 1
255 1
256 1
257 1
258 1
259 1
260 1
261 1
262 1
263 1
264 1
265 1
266 1
267 1
268 1
269 1
270 1
271 1
272 1
273 1
274 1
275 1
276 1
277 1
278 1
279 1
280 1
281 1
282 1
283 1
284 1
285 1
286 1
287 1
288 1
289 1
290 1
291 1
292 1
293 1
294 1
295 1
296 1
297 1
298 1
299 1
};
\addlegendentry{Dokładność}
\addplot[red]
table {%
0 1.37847255170345
1 1.35146993398666
2 1.3147891163826
3 1.2844374999404
4 1.25954584032297
5 1.23444353789091
6 1.21221540495753
7 1.1954948939383
8 1.18142785876989
9 1.16654048860073
10 1.15082427114248
11 1.13487514853477
12 1.11733540147543
13 1.0966016985476
14 1.07274603098631
15 1.04663195088506
16 1.0183428004384
17 0.987232387065887
18 0.953300181776285
19 0.917861822992563
20 0.882953848689795
21 0.850617943331599
22 0.822845358401537
23 0.801314847543836
24 0.786512834019959
25 0.7773791924119
26 0.77201618347317
27 0.768690780038014
28 0.766267918748781
29 0.764061353518628
30 0.761615975061432
31 0.758688174071722
32 0.755223610380199
33 0.751193640840938
34 0.746521838358603
35 0.741203443147242
36 0.735349383350695
37 0.729070824134396
38 0.722467302606674
39 0.715727788890945
40 0.709111910167849
41 0.702858097181888
42 0.697130066779209
43 0.691987664555199
44 0.687375021108892
45 0.683109126577619
46 0.678956463525537
47 0.674777017091401
48 0.670538183825556
49 0.666244820225984
50 0.661924492334947
51 0.657607431989163
52 0.653282450628467
53 0.648900551954284
54 0.644415094284341
55 0.639809491462074
56 0.635087900445797
57 0.630274574039504
58 0.625429824343883
59 0.620623293914832
60 0.615905810263939
61 0.611306737293489
62 0.606813416583464
63 0.602355020586401
64 0.597822429204825
65 0.593110855610576
66 0.588158822327387
67 0.5829720995971
68 0.57762105227448
69 0.572186460252851
70 0.566693177795969
71 0.561095558805391
72 0.555311606731266
73 0.549281160230748
74 0.543025476275943
75 0.536649506539106
76 0.530244029243477
77 0.523780673276633
78 0.517177754663862
79 0.510473129921593
80 0.503800554433838
81 0.497158191748895
82 0.490346043952741
83 0.483228342724033
84 0.475871434202418
85 0.468283177353442
86 0.460346364649013
87 0.452096622786485
88 0.443698909250088
89 0.435201161075383
90 0.426578859449364
91 0.417900577420369
92 0.409269109601155
93 0.400735349743627
94 0.392311458010226
95 0.384032491245307
96 0.375955064664595
97 0.36808700603433
98 0.360391031601466
99 0.352886503911577
100 0.345628418610431
101 0.338637389824726
102 0.331924082245678
103 0.325520564278122
104 0.319446195091587
105 0.313692592200823
106 0.308244505547918
107 0.303099943615962
108 0.298262744792737
109 0.293725574621931
110 0.289471600553952
111 0.285487003333401
112 0.281757650664076
113 0.278265792992897
114 0.274995233106893
115 0.271932832838502
116 0.269067352404818
117 0.266389186494052
118 0.263886534725316
119 0.261544573499123
120 0.259349188068882
121 0.257288165710634
122 0.255350391147658
123 0.253525733452989
124 0.251804989005905
125 0.250178849702934
126 0.24863858797471
127 0.247176486445824
128 0.245785270701163
129 0.244458098168252
130 0.243188816355541
131 0.241972033050843
132 0.240802712229197
133 0.239676405079081
134 0.23858914822631
135 0.237537191002048
136 0.236516877252143
137 0.235524774092482
138 0.23455770171131
139 0.233612643467495
140 0.232686816743808
141 0.231777701803367
142 0.230882984935306
143 0.230000481751631
144 0.229128113889601
145 0.228263972574496
146 0.22740624929429
147 0.226553210202837
148 0.225703277465072
149 0.224854984029662
150 0.224006993805233
151 0.223158042441355
152 0.22230693311576
153 0.221452561556362
154 0.220593859048677
155 0.219729785058007
156 0.218859307511593
157 0.21798145257344
158 0.2170952471497
159 0.216199727408821
160 0.215293970064522
161 0.21437704028358
162 0.21344804245382
163 0.212506068623043
164 0.211550230658759
165 0.210579666043486
166 0.20959352904174
167 0.208591003440233
168 0.207571326027391
169 0.20653378980569
170 0.205477778086788
171 0.204402732884773
172 0.20330822365213
173 0.202193891760544
174 0.201059452192567
175 0.199904658091327
176 0.198729300273044
177 0.19753312676221
178 0.19631620592736
179 0.195080491552289
180 0.19384179377812
181 0.192702586527957
182 0.192313464440304
183 0.193324489784573
184 0.192419703224004
185 0.187329965690878
186 0.189270969625795
187 0.186427228500179
188 0.184204034418144
189 0.184673525596736
190 0.180551268331328
191 0.181331805271839
192 0.177976215158196
193 0.177526118711285
194 0.175715040899377
195 0.173625915676894
196 0.173050848277853
197 0.170075326791448
198 0.169631471408138
199 0.167034546448122
200 0.165736909295447
201 0.164151233522716
202 0.161790863336137
203 0.160805868880743
204 0.158298711442512
205 0.156708169155536
206 0.15502440367618
207 0.152592197714512
208 0.151123740467483
209 0.148982435116523
210 0.146755976481472
211 0.145099921801375
212 0.142821755234763
213 0.140599859408212
214 0.138760782725512
215 0.136489522490592
216 0.134140776288405
217 0.132117179122361
218 0.129938077880979
219 0.127504024428163
220 0.12519991687077
221 0.123040905488779
222 0.120746156262612
223 0.118281937362553
224 0.115855946192823
225 0.113545508856987
226 0.111253180182757
227 0.108884913754082
228 0.106431488926319
229 0.10395579553915
230 0.101509064121274
231 0.0991084933320963
232 0.0967477271951793
233 0.0944189343153994
234 0.0921238546015957
235 0.0898719704418909
236 0.0876935587984917
237 0.085600059819626
238 0.0836349975343182
239 0.0816879802732728
240 0.0796821982676192
241 0.0772814740830654
242 0.074611139292756
243 0.0719856348223402
244 0.0698383436720178
245 0.0681344365584664
246 0.0664588359031768
247 0.0644841677130898
248 0.0622668742162205
249 0.0602503526679357
250 0.0586159458052862
251 0.0570651450998412
252 0.0553008633705758
253 0.0534585759523907
254 0.0518656674994418
255 0.0504584485152009
256 0.0489406013202824
257 0.0473587560372835
258 0.0459657124174555
259 0.0446848402716569
260 0.0433152393943601
261 0.0419839862788649
262 0.0408079860535508
263 0.0396213524381892
264 0.0384177083342365
265 0.0373364102324558
266 0.0362797780144319
267 0.0352085544691363
268 0.0342329685790901
269 0.0332792120707381
270 0.0323287008768602
271 0.0314567451023322
272 0.0305911419336553
273 0.0297531989162962
274 0.0289702653026325
275 0.0281876616254522
276 0.0274523016905732
277 0.0267396365998138
278 0.0260444325203935
279 0.0253895690930221
280 0.0247423280598014
281 0.0241310150704521
282 0.0235342188680079
283 0.022960657920521
284 0.0224097505060854
285 0.0218731647364621
286 0.0213618457028133
287 0.020861573694674
288 0.0203849963900211
289 0.0199192463778672
290 0.0194740250935865
291 0.0190402274120061
292 0.0186239372305863
293 0.0182193434566216
294 0.0178298916321182
295 0.0174519499400958
296 0.0170874318591814
297 0.0167338364744865
298 0.0163924112630411
299 0.016061140581769
};
\addlegendentry{Błąd}
\end{axis}

\end{tikzpicture}
