% This file was created by tikzplotlib v0.8.7.
\begin{tikzpicture}[trim axis left]

\begin{axis}[
legend cell align={left},
title={Historia treningu modelu},
width=5.5cm, height=5cm,
xlabel={Epoka},
xmin=-15, xmax=314,
ymin=-0.1, ymax=1.6,
]
\addplot[blue]
table {%
0 0.25
1 0.375
2 0.375
3 0.5
4 0.5
5 0.5
6 0.5
7 0.5
8 0.5
9 0.5
10 0.5
11 0.5
12 0.5
13 0.5
14 0.5
15 0.5
16 0.5
17 0.5
18 0.5
19 0.625
20 0.625
21 0.625
22 0.625
23 0.625
24 0.625
25 0.625
26 0.625
27 0.625
28 0.625
29 0.625
30 0.625
31 0.625
32 0.625
33 0.625
34 0.625
35 0.625
36 0.625
37 0.625
38 0.625
39 0.625
40 0.625
41 0.625
42 0.625
43 0.625
44 0.625
45 0.625
46 0.625
47 0.625
48 0.625
49 0.625
50 0.625
51 0.625
52 0.625
53 0.625
54 0.625
55 0.625
56 0.625
57 0.625
58 0.625
59 0.625
60 0.625
61 0.625
62 0.625
63 0.625
64 0.625
65 0.625
66 0.625
67 0.625
68 0.625
69 0.625
70 0.625
71 0.625
72 0.625
73 0.625
74 0.625
75 0.625
76 0.625
77 0.625
78 0.625
79 0.625
80 0.625
81 0.625
82 0.625
83 0.625
84 0.625
85 0.625
86 0.625
87 0.625
88 0.625
89 0.625
90 0.625
91 0.625
92 0.625
93 0.625
94 0.625
95 0.625
96 0.625
97 0.625
98 0.625
99 0.625
100 0.625
101 0.625
102 0.625
103 0.625
104 0.625
105 0.625
106 0.625
107 0.625
108 0.625
109 0.625
110 0.625
111 0.625
112 0.625
113 0.625
114 0.625
115 0.625
116 0.625
117 0.625
118 0.625
119 0.625
120 0.625
121 0.625
122 0.625
123 0.625
124 0.625
125 0.625
126 0.625
127 0.625
128 0.625
129 0.625
130 0.625
131 0.625
132 0.625
133 0.625
134 0.625
135 0.625
136 0.625
137 0.625
138 0.625
139 0.625
140 0.625
141 0.625
142 0.625
143 0.625
144 0.625
145 0.625
146 0.625
147 0.625
148 0.625
149 0.625
150 0.625
151 0.625
152 0.625
153 0.625
154 0.625
155 0.625
156 0.625
157 0.625
158 0.625
159 0.625
160 0.625
161 0.625
162 0.625
163 0.625
164 0.625
165 0.625
166 0.625
167 0.625
168 0.625
169 0.625
170 0.625
171 0.625
172 0.625
173 0.625
174 0.625
175 0.625
176 0.625
177 0.625
178 0.625
179 0.625
180 0.625
181 0.625
182 0.625
183 0.625
184 0.625
185 0.625
186 0.625
187 0.625
188 0.625
189 0.625
190 0.625
191 0.625
192 0.625
193 0.625
194 0.625
195 0.625
196 0.625
197 0.625
198 0.625
199 0.625
200 0.625
201 0.625
202 0.625
203 0.625
204 0.625
205 0.625
206 0.625
207 0.625
208 0.625
209 0.625
210 0.625
211 0.625
212 0.625
213 0.625
214 0.625
215 0.625
216 0.625
217 0.625
218 0.625
219 0.625
220 0.625
221 0.625
222 0.75
223 0.625
224 0.625
225 0.625
226 0.75
227 0.625
228 0.625
229 0.625
230 0.625
231 0.625
232 0.625
233 0.625
234 0.625
235 0.625
236 0.625
237 0.625
238 0.625
239 0.625
240 0.75
241 0.625
242 0.625
243 0.625
244 0.625
245 0.625
246 0.625
247 0.625
248 0.625
249 0.625
250 0.625
251 0.625
252 0.625
253 0.625
254 0.625
255 0.625
256 0.75
257 0.75
258 0.75
259 0.75
260 0.875
261 0.875
262 0.75
263 0.875
264 0.75
265 0.75
266 0.875
267 0.875
268 0.875
269 0.875
270 0.75
271 0.75
272 0.875
273 0.875
274 0.875
275 0.875
276 0.875
277 0.875
278 0.875
279 0.875
280 0.875
281 0.875
282 0.875
283 0.875
284 0.875
285 1
286 0.875
287 0.875
288 0.875
289 0.875
290 0.875
291 0.875
292 0.875
293 0.875
294 0.875
295 0.875
296 0.875
297 0.875
298 0.875
299 0.875
};
\addlegendentry{Dokładność}
\addplot[red]
table {%
0 1.5006712153554
1 1.36585079133511
2 1.28483092784882
3 1.2193678766489
4 1.16466865688562
5 1.12549205869436
6 1.10017594695091
7 1.08170498162508
8 1.06443343311548
9 1.04707659035921
10 1.0311688259244
11 1.01785498857498
12 1.00603532791138
13 0.993571974337101
14 0.979817800223827
15 0.966133043169975
16 0.954318020492792
17 0.945070035755634
18 0.937608998268843
19 0.930554300546646
20 0.92333547770977
21 0.916746135801077
22 0.911959800869226
23 0.909044191241264
24 0.906785611063242
25 0.904110841453075
26 0.901209715753794
27 0.899019494652748
28 0.89792488142848
29 0.897332817316055
30 0.896506953984499
31 0.895376473665237
32 0.894357923418283
33 0.893716916441917
34 0.893309254199266
35 0.892810210585594
36 0.892068143934011
37 0.891217563301325
38 0.89047122374177
39 0.889864608645439
40 0.88921121135354
41 0.888316221535206
42 0.887225165963173
43 0.88614884018898
44 0.885113731026649
45 0.883884057402611
46 0.882325861603022
47 0.880568582564592
48 0.878690429031849
49 0.876537904143333
50 0.873965162783861
51 0.870985358953476
52 0.867601450532675
53 0.863706476986408
54 0.859197627753019
55 0.85403323918581
56 0.848185122013092
57 0.84162875264883
58 0.834344122558832
59 0.826329112052917
60 0.817681707441807
61 0.808622010052204
62 0.799426939338446
63 0.790457252413034
64 0.782209098339081
65 0.775207009166479
66 0.769844909198582
67 0.766311072744429
68 0.764550403691828
69 0.764232048299164
70 0.764746586792171
71 0.765294865006581
72 0.765165869379416
73 0.764034109655768
74 0.761968374950811
75 0.759258554782718
76 0.756271192571148
77 0.75331092136912
78 0.750552507583052
79 0.748088957276195
80 0.745947629911825
81 0.744088696315885
82 0.7424560864456
83 0.740988661535084
84 0.739617521874607
85 0.738289268221706
86 0.736950166523457
87 0.735552090685815
88 0.734074686188251
89 0.732500283047557
90 0.730816814117134
91 0.729026717599481
92 0.727133373729885
93 0.725149845704436
94 0.723087824415416
95 0.720956283155829
96 0.718772828578949
97 0.716551907127723
98 0.714311824180186
99 0.712071906309575
100 0.709847553167492
101 0.707653605379164
102 0.705495479283854
103 0.703374375589192
104 0.701284968527034
105 0.69921978469938
106 0.697177275083959
107 0.695160144940019
108 0.693178344517946
109 0.691243042238057
110 0.689366718288511
111 0.687559501151554
112 0.685827335342765
113 0.684173688990995
114 0.682598287705332
115 0.681100101443008
116 0.67967607115861
117 0.678323829080909
118 0.677040492300875
119 0.67582374997437
120 0.674671767628752
121 0.673582951887511
122 0.672555933357216
123 0.671588845667429
124 0.670680105453357
125 0.669827290461399
126 0.669027901836671
127 0.668278757599182
128 0.667576764943078
129 0.666918437229469
130 0.666300573269837
131 0.665719904121943
132 0.665173612535
133 0.664658960071392
134 0.664173748344183
135 0.663715864764526
136 0.663283549132757
137 0.662875192589127
138 0.662489336798899
139 0.66212454054039
140 0.661779504036531
141 0.661452966858633
142 0.661143620614894
143 0.660850381129421
144 0.660572123713791
145 0.660307732527144
146 0.660056377528235
147 0.659817046951503
148 0.659588931710459
149 0.659371282556094
150 0.659163408679888
151 0.65896463196259
152 0.658774363109842
153 0.658592077787034
154 0.65841724164784
155 0.658249356667511
156 0.65808803238906
157 0.657932820846327
158 0.657783353119157
159 0.657639255397953
160 0.657500233850442
161 0.657365928171203
162 0.657236053491943
163 0.657110328320414
164 0.656988486996852
165 0.656870219158009
166 0.656755290692672
167 0.656643398222513
168 0.656534182606265
169 0.656427200534381
170 0.656321982271038
171 0.65621778392233
172 0.656113694771193
173 0.656008344842121
174 0.655899654142559
175 0.655784415896051
176 0.655657478258945
177 0.655510460957885
178 0.655329328496009
179 0.655089338426478
180 0.65474453906063
181 0.654202393023297
182 0.653259724495001
183 0.651439942303114
184 0.647644288139418
185 0.639728870068211
186 0.625897991994862
187 0.610934129275847
188 0.602724554977613
189 0.600092414242681
190 0.598189324431587
191 0.596152499434538
192 0.595529529047781
193 0.59542674117256
194 0.594429711447447
195 0.593369836351485
196 0.592786837209132
197 0.59194851621578
198 0.590947595323087
199 0.590278415649664
200 0.589721461030422
201 0.589196241548052
202 0.588865814876044
203 0.588569299026858
204 0.588343060793704
205 0.588294137647608
206 0.588174660209916
207 0.588001985321171
208 0.588021112896968
209 0.588011594809359
210 0.587836952247017
211 0.58778033224371
212 0.587777867382101
213 0.587602050203714
214 0.587430420680903
215 0.58735368087946
216 0.587175110995304
217 0.586934476312308
218 0.586760784652142
219 0.58655676789931
220 0.586285795092408
221 0.586031994214864
222 0.585776637337403
223 0.585478500011959
224 0.585164348100079
225 0.584836241963785
226 0.584480320947478
227 0.584093857120024
228 0.583665244848817
229 0.583198192180134
230 0.582691296418488
231 0.582116298784968
232 0.581471398130816
233 0.580762639234308
234 0.579956803856476
235 0.579035482514882
236 0.578004389120906
237 0.57683541309234
238 0.575494398828596
239 0.573974738006655
240 0.572254544771567
241 0.570295849371178
242 0.56808059233299
243 0.565590037906077
244 0.562785542031634
245 0.559629643088556
246 0.556082993600285
247 0.552084099210333
248 0.547553311131196
249 0.542389275156893
250 0.53643431988894
251 0.529433976247674
252 0.520997793908464
253 0.510574279353023
254 0.497503850026987
255 0.481141863245284
256 0.460908392415149
257 0.436781175987562
258 0.412559404270723
259 0.39692723803455
260 0.383280150039354
261 0.373735863322509
262 0.364882024005055
263 0.362307063944172
264 0.358752529748017
265 0.356159028582624
266 0.353538325158297
267 0.351847985715722
268 0.34825625832309
269 0.343002373687341
270 0.338257908588275
271 0.332180528639583
272 0.325018783420091
273 0.316559158440214
274 0.308586685889168
275 0.299890953552676
276 0.291213124837668
277 0.282237888073723
278 0.274361183364817
279 0.267298550155829
280 0.261879173340276
281 0.257561601305497
282 0.253800864345976
283 0.249559997406323
284 0.245028493038262
285 0.240529922826681
286 0.236580538417911
287 0.233167186568608
288 0.23014099203283
289 0.227525408154179
290 0.225033095739491
291 0.222756981529528
292 0.22055240287591
293 0.218416804527806
294 0.216435857029865
295 0.21448760516796
296 0.212647492007818
297 0.210798226369661
298 0.20898342912551
299 0.207184289305587
};
\addlegendentry{Błąd}
\end{axis}

\end{tikzpicture}
